0 0.47475961538461536 0.28725961538461536 0.04447115384615385 0.03365384615384615
0 0.5180288461538461 0.2860576923076923 0.039663461538461536 0.03125
0 0.5637019230769231 0.28365384615384615 0.042067307692307696 0.03125
0 0.6117788461538461 0.2824519230769231 0.042067307692307696 0.03365384615384615
0 0.4795673076923077 0.3233173076923077 0.038461538461538464 0.03125
0 0.5204326923076923 0.3233173076923077 0.038461538461538464 0.027644230769230768
0 0.5661057692307693 0.3233173076923077 0.036057692307692304 0.03245192307692308
0 0.6105769230769231 0.32091346153846156 0.038461538461538464 0.03365384615384615
0 0.4795673076923077 0.359375 0.036057692307692304 0.028846153846153848
0 0.4795673076923077 0.3942307692307692 0.036057692307692304 0.028846153846153848
0 0.48197115384615385 0.42908653846153844 0.03485576923076923 0.030048076923076924
0 0.5216346153846154 0.359375 0.036057692307692304 0.030048076923076924
0 0.5661057692307693 0.359375 0.038461538461538464 0.027644230769230768
0 0.6129807692307693 0.35697115384615385 0.037259615384615384 0.028846153846153848
0 0.5228365384615384 0.3942307692307692 0.036057692307692304 0.027644230769230768
0 0.5661057692307693 0.3942307692307692 0.038461538461538464 0.030048076923076924
0 0.6105769230769231 0.3942307692307692 0.038461538461538464 0.028846153846153848
0 0.5228365384615384 0.43028846153846156 0.037259615384615384 0.028846153846153848
0 0.5673076923076923 0.42908653846153844 0.037259615384615384 0.030048076923076924
0 0.6117788461538461 0.43028846153846156 0.038461538461538464 0.028846153846153848
0 0.7307692307692307 0.2824519230769231 0.04326923076923077 0.036057692307692304
0 0.78125 0.28966346153846156 0.046875 0.038461538461538464
0 0.8329326923076923 0.2980769230769231 0.046875 0.036057692307692304
0 0.8846153846153846 0.30649038461538464 0.04807692307692308 0.038461538461538464
0 0.71875 0.31971153846153844 0.04567307692307692 0.03245192307692308
0 0.7680288461538461 0.33052884615384615 0.04567307692307692 0.036057692307692304
0 0.8173076923076923 0.3389423076923077 0.04567307692307692 0.03365384615384615
0 0.8701923076923077 0.3473557692307692 0.051682692307692304 0.03485576923076923
0 0.7043269230769231 0.3581730769230769 0.04326923076923077 0.03365384615384615
0 0.7512019230769231 0.36658653846153844 0.042067307692307696 0.03125
0 0.8004807692307693 0.3762019230769231 0.04807692307692308 0.03245192307692308
0 0.8545673076923077 0.3858173076923077 0.04927884615384615 0.03485576923076923
0 0.6923076923076923 0.39302884615384615 0.04326923076923077 0.03245192307692308
0 0.7391826923076923 0.40384615384615385 0.04447115384615385 0.03245192307692308
0 0.7884615384615384 0.41346153846153844 0.04567307692307692 0.03245192307692308
0 0.8413461538461539 0.4230769230769231 0.05048076923076923 0.03245192307692308
0 0.6802884615384616 0.43028846153846156 0.04326923076923077 0.03125
0 0.7247596153846154 0.43990384615384615 0.04326923076923077 0.03245192307692308
0 0.7728365384615384 0.45072115384615385 0.04447115384615385 0.03245192307692308
0 0.8233173076923077 0.46033653846153844 0.04567307692307692 0.03245192307692308
0 0.6009615384615384 0.48197115384615385 0.042067307692307696 0.03485576923076923
0 0.6370192307692307 0.5060096153846154 0.039663461538461536 0.03245192307692308
0 0.6706730769230769 0.5288461538461539 0.042067307692307696 0.03365384615384615
0 0.7079326923076923 0.5540865384615384 0.04567307692307692 0.03365384615384615
0 0.7475961538461539 0.5769230769230769 0.04927884615384615 0.036057692307692304
0 0.5721153846153846 0.5084134615384616 0.04447115384615385 0.037259615384615384
0 0.609375 0.53125 0.04447115384615385 0.03365384615384615
0 0.6430288461538461 0.5552884615384616 0.042067307692307696 0.03245192307692308
0 0.6790865384615384 0.5793269230769231 0.04567307692307692 0.030048076923076924
0 0.7163461538461539 0.6033653846153846 0.04807692307692308 0.037259615384615384
0 0.546875 0.5324519230769231 0.04326923076923077 0.03485576923076923
0 0.5805288461538461 0.5576923076923077 0.038461538461538464 0.03245192307692308
0 0.6141826923076923 0.5805288461538461 0.04326923076923077 0.03365384615384615
0 0.6502403846153846 0.6045673076923077 0.039663461538461536 0.03245192307692308
0 0.6875 0.6286057692307693 0.04927884615384615 0.03245192307692308
0 0.5180288461538461 0.5588942307692307 0.04567307692307692 0.036057692307692304
0 0.5552884615384616 0.5817307692307693 0.04447115384615385 0.03485576923076923
0 0.5877403846153846 0.6045673076923077 0.04447115384615385 0.036057692307692304
0 0.6237980769230769 0.6298076923076923 0.04447115384615385 0.03245192307692308
0 0.6598557692307693 0.6538461538461539 0.04807692307692308 0.03365384615384615