0 0.2980769230769231 0.30408653846153844 0.051682692307692304 0.040865384615384616
0 0.35216346153846156 0.3016826923076923 0.04567307692307692 0.03365384615384615
0 0.4074519230769231 0.3016826923076923 0.04927884615384615 0.042067307692307696
0 0.46274038461538464 0.30288461538461536 0.052884615384615384 0.039663461538461536
0 0.3016826923076923 0.3485576923076923 0.04927884615384615 0.036057692307692304
0 0.35336538461538464 0.3485576923076923 0.04567307692307692 0.039663461538461536
0 0.4074519230769231 0.3473557692307692 0.04807692307692308 0.039663461538461536
0 0.46153846153846156 0.34615384615384615 0.04927884615384615 0.03485576923076923
0 0.30288461538461536 0.390625 0.04567307692307692 0.036057692307692304
0 0.35336538461538464 0.39302884615384615 0.04807692307692308 0.037259615384615384
0 0.4074519230769231 0.3918269230769231 0.04567307692307692 0.036057692307692304
0 0.45913461538461536 0.3918269230769231 0.04927884615384615 0.039663461538461536
0 0.30288461538461536 0.43509615384615385 0.046875 0.038461538461538464
0 0.35336538461538464 0.4362980769230769 0.04807692307692308 0.03485576923076923
0 0.4050480769230769 0.4375 0.04927884615384615 0.038461538461538464
0 0.46033653846153844 0.43509615384615385 0.046875 0.039663461538461536
0 0.30288461538461536 0.47716346153846156 0.046875 0.039663461538461536
0 0.3545673076923077 0.47836538461538464 0.04447115384615385 0.038461538461538464
0 0.40384615384615385 0.47596153846153844 0.04927884615384615 0.040865384615384616
0 0.45913461538461536 0.47836538461538464 0.05048076923076923 0.038461538461538464
0 0.6009615384615384 0.29927884615384615 0.057692307692307696 0.046875
0 0.6622596153846154 0.3112980769230769 0.06129807692307692 0.04326923076923077
0 0.7211538461538461 0.3245192307692308 0.06129807692307692 0.039663461538461536
0 0.7884615384615384 0.3329326923076923 0.06610576923076923 0.04326923076923077
0 0.5865384615384616 0.34615384615384615 0.057692307692307696 0.042067307692307696
0 0.6454326923076923 0.3581730769230769 0.05889423076923077 0.040865384615384616
0 0.703125 0.36899038461538464 0.056490384615384616 0.040865384615384616
0 0.7704326923076923 0.3786057692307692 0.07091346153846154 0.04807692307692308
0 0.5721153846153846 0.39302884615384615 0.055288461538461536 0.04447115384615385
0 0.6262019230769231 0.40625 0.056490384615384616 0.04326923076923077
0 0.6850961538461539 0.41466346153846156 0.06129807692307692 0.04326923076923077
0 0.7463942307692307 0.4266826923076923 0.06370192307692307 0.04326923076923077
0 0.5564903846153846 0.4362980769230769 0.055288461538461536 0.042067307692307696
0 0.6105769230769231 0.45072115384615385 0.054086538461538464 0.042067307692307696
0 0.6670673076923077 0.46033653846153844 0.054086538461538464 0.04447115384615385
0 0.7307692307692307 0.47475961538461536 0.06370192307692307 0.046875
0 0.5396634615384616 0.4795673076923077 0.05048076923076923 0.04567307692307692
0 0.59375 0.49158653846153844 0.05048076923076923 0.04326923076923077
0 0.6526442307692307 0.5072115384615384 0.06009615384615385 0.046875
0 0.7163461538461539 0.5192307692307693 0.06850961538461539 0.04567307692307692
0 0.44711538461538464 0.5444711538461539 0.056490384615384616 0.040865384615384616
0 0.4879807692307692 0.5721153846153846 0.04927884615384615 0.046875
0 0.5276442307692307 0.6009615384615384 0.055288461538461536 0.04567307692307692
0 0.5733173076923077 0.6310096153846154 0.055288461538461536 0.04326923076923077
0 0.6189903846153846 0.6634615384615384 0.055288461538461536 0.04326923076923077
0 0.41225961538461536 0.5745192307692307 0.051682692307692304 0.04447115384615385
0 0.45552884615384615 0.6033653846153846 0.055288461538461536 0.04567307692307692
0 0.4951923076923077 0.6334134615384616 0.054086538461538464 0.04807692307692308
0 0.5372596153846154 0.6646634615384616 0.052884615384615384 0.042067307692307696
0 0.5817307692307693 0.6959134615384616 0.054086538461538464 0.04447115384615385
0 0.3762019230769231 0.6045673076923077 0.055288461538461536 0.040865384615384616
0 0.41947115384615385 0.6370192307692307 0.05048076923076923 0.042067307692307696
0 0.46033653846153844 0.6646634615384616 0.051682692307692304 0.042067307692307696
0 0.5060096153846154 0.6971153846153846 0.055288461538461536 0.042067307692307696
0 0.5444711538461539 0.7259615384615384 0.051682692307692304 0.042067307692307696
0 0.3485576923076923 0.6358173076923077 0.046875 0.04447115384615385
0 0.3894230769230769 0.6670673076923077 0.054086538461538464 0.04326923076923077
0 0.4266826923076923 0.6983173076923077 0.04927884615384615 0.042067307692307696
0 0.46634615384615385 0.7247596153846154 0.057692307692307696 0.040865384615384616
0 0.5132211538461539 0.7572115384615384 0.05889423076923077 0.04447115384615385