0 0.18990384615384615 0.14543269230769232 0.0829326923076923 0.07091346153846154
0 0.28125 0.16466346153846154 0.0829326923076923 0.06850961538461539
0 0.3713942307692308 0.17668269230769232 0.08653846153846154 0.0625
0 0.4639423076923077 0.18870192307692307 0.08774038461538461 0.06370192307692307
0 0.17307692307692307 0.21875 0.08173076923076923 0.0625
0 0.2608173076923077 0.23317307692307693 0.07572115384615384 0.056490384615384616
0 0.35336538461538464 0.24639423076923078 0.08173076923076923 0.055288461538461536
0 0.44591346153846156 0.25841346153846156 0.08413461538461539 0.06129807692307692
0 0.15264423076923078 0.28725961538461536 0.08774038461538461 0.057692307692307696
0 0.2439903846153846 0.30288461538461536 0.0733173076923077 0.057692307692307696
0 0.33413461538461536 0.31490384615384615 0.0829326923076923 0.0625
0 0.43028846153846156 0.33052884615384615 0.08533653846153846 0.05889423076923077
0 0.13701923076923078 0.3557692307692308 0.07572115384615384 0.0625
0 0.22596153846153846 0.36899038461538464 0.08052884615384616 0.05889423076923077
0 0.31490384615384615 0.38341346153846156 0.07692307692307693 0.06009615384615385
0 0.40625 0.39663461538461536 0.0829326923076923 0.05889423076923077
0 0.11899038461538461 0.42427884615384615 0.0829326923076923 0.057692307692307696
0 0.20673076923076922 0.4375 0.078125 0.055288461538461536
0 0.2956730769230769 0.45072115384615385 0.07451923076923077 0.056490384615384616
0 0.390625 0.4675480769230769 0.0733173076923077 0.06129807692307692
0 0.6899038461538461 0.23317307692307693 0.0829326923076923 0.06610576923076923
0 0.7740384615384616 0.2668269230769231 0.08653846153846154 0.0625
0 0.8569711538461539 0.2956730769230769 0.08413461538461539 0.06971153846153846
0 0.9447115384615384 0.3269230769230769 0.08653846153846154 0.06971153846153846
0 0.6466346153846154 0.2956730769230769 0.09014423076923077 0.06490384615384616
0 0.7331730769230769 0.3293269230769231 0.09134615384615384 0.06129807692307692
0 0.8161057692307693 0.3605769230769231 0.08413461538461539 0.0625
0 0.9038461538461539 0.39302884615384615 0.09254807692307693 0.06610576923076923
0 0.6021634615384616 0.36177884615384615 0.08653846153846154 0.06370192307692307
0 0.6887019230769231 0.390625 0.08533653846153846 0.0625
0 0.7728365384615384 0.4230769230769231 0.0829326923076923 0.0625
0 0.859375 0.45552884615384615 0.08533653846153846 0.0625
0 0.5625 0.4230769230769231 0.08653846153846154 0.06370192307692307
0 0.6466346153846154 0.453125 0.0829326923076923 0.06610576923076923
0 0.7295673076923077 0.4855769230769231 0.08413461538461539 0.06490384615384616
0 0.8149038461538461 0.5168269230769231 0.0889423076923077 0.06370192307692307
0 0.5180288461538461 0.484375 0.08533653846153846 0.06490384615384616
0 0.6021634615384616 0.5180288461538461 0.078125 0.06370192307692307
0 0.6862980769230769 0.5492788461538461 0.0829326923076923 0.05889423076923077
0 0.7728365384615384 0.5817307692307693 0.08774038461538461 0.06610576923076923
0 0.33774038461538464 0.5637019230769231 0.08173076923076923 0.06490384615384616
0 0.3942307692307692 0.6177884615384616 0.08413461538461539 0.0625
0 0.4519230769230769 0.6706730769230769 0.08413461538461539 0.0625
0 0.5120192307692307 0.7259615384615384 0.08653846153846154 0.06490384615384616
0 0.5733173076923077 0.7800480769230769 0.08653846153846154 0.06370192307692307
0 0.265625 0.6045673076923077 0.08653846153846154 0.06850961538461539
0 0.32572115384615385 0.6622596153846154 0.08533653846153846 0.06370192307692307
0 0.38461538461538464 0.7139423076923077 0.08413461538461539 0.06490384615384616
0 0.4423076923076923 0.7680288461538461 0.08653846153846154 0.06610576923076923
0 0.5060096153846154 0.8245192307692307 0.08774038461538461 0.06490384615384616
0 0.19471153846153846 0.6490384615384616 0.08774038461538461 0.06850961538461539
0 0.2548076923076923 0.7043269230769231 0.08413461538461539 0.06370192307692307
0 0.3112980769230769 0.7572115384615384 0.08533653846153846 0.0625
0 0.3701923076923077 0.8112980769230769 0.08533653846153846 0.06370192307692307
0 0.43149038461538464 0.8653846153846154 0.08774038461538461 0.0625
0 0.12620192307692307 0.6935096153846154 0.08774038461538461 0.06370192307692307
0 0.18389423076923078 0.7463942307692307 0.08413461538461539 0.06971153846153846
0 0.24158653846153846 0.8016826923076923 0.08653846153846154 0.0625
0 0.30288461538461536 0.8557692307692307 0.08653846153846154 0.0625
0 0.36177884615384615 0.9098557692307693 0.08413461538461539 0.0673076923076923