0 0.2776442307692308 0.3233173076923077 0.057692307692307696 0.040865384615384616
0 0.33533653846153844 0.3245192307692308 0.04927884615384615 0.042067307692307696
0 0.3954326923076923 0.3245192307692308 0.051682692307692304 0.039663461538461536
0 0.4543269230769231 0.32211538461538464 0.054086538461538464 0.040865384615384616
0 0.28125 0.3701923076923077 0.04807692307692308 0.038461538461538464
0 0.33653846153846156 0.3701923076923077 0.055288461538461536 0.03485576923076923
0 0.3954326923076923 0.3701923076923077 0.04927884615384615 0.036057692307692304
0 0.4543269230769231 0.3701923076923077 0.04807692307692308 0.036057692307692304
0 0.2824519230769231 0.41346153846153844 0.046875 0.036057692307692304
0 0.33653846153846156 0.41225961538461536 0.04927884615384615 0.036057692307692304
0 0.3942307692307692 0.41466346153846156 0.04927884615384615 0.036057692307692304
0 0.4543269230769231 0.41225961538461536 0.04447115384615385 0.038461538461538464
0 0.2800480769230769 0.4567307692307692 0.04927884615384615 0.038461538461538464
0 0.33774038461538464 0.4543269230769231 0.052884615384615384 0.04326923076923077
0 0.3954326923076923 0.4579326923076923 0.051682692307692304 0.038461538461538464
0 0.45552884615384615 0.4579326923076923 0.04927884615384615 0.036057692307692304
0 0.2800480769230769 0.5 0.04807692307692308 0.038461538461538464
0 0.3401442307692308 0.5012019230769231 0.04447115384615385 0.037259615384615384
0 0.39663461538461536 0.5024038461538461 0.05048076923076923 0.039663461538461536
0 0.45552884615384615 0.5024038461538461 0.04927884615384615 0.039663461538461536
0 0.5997596153846154 0.3293269230769231 0.04927884615384615 0.04567307692307692
0 0.6574519230769231 0.34134615384615385 0.051682692307692304 0.04326923076923077
0 0.7151442307692307 0.35216346153846156 0.051682692307692304 0.042067307692307696
0 0.7764423076923077 0.36177884615384615 0.05889423076923077 0.040865384615384616
0 0.5865384615384616 0.37259615384615385 0.052884615384615384 0.039663461538461536
0 0.6430288461538461 0.3858173076923077 0.056490384615384616 0.039663461538461536
0 0.6995192307692307 0.39663461538461536 0.052884615384615384 0.040865384615384616
0 0.7584134615384616 0.4050480769230769 0.054086538461538464 0.04447115384615385
0 0.5673076923076923 0.41586538461538464 0.054086538461538464 0.039663461538461536
0 0.6237980769230769 0.42788461538461536 0.056490384615384616 0.039663461538461536
0 0.6850961538461539 0.4387019230769231 0.057692307692307696 0.040865384615384616
0 0.7439903846153846 0.45072115384615385 0.054086538461538464 0.040865384615384616
0 0.5528846153846154 0.4579326923076923 0.054086538461538464 0.039663461538461536
0 0.6105769230769231 0.47115384615384615 0.052884615384615384 0.038461538461538464
0 0.6682692307692307 0.4831730769230769 0.056490384615384616 0.038461538461538464
0 0.7259615384615384 0.4951923076923077 0.054086538461538464 0.04326923076923077
0 0.5384615384615384 0.5024038461538461 0.054086538461538464 0.042067307692307696
0 0.5949519230769231 0.5144230769230769 0.054086538461538464 0.04447115384615385
0 0.6538461538461539 0.5264423076923077 0.054086538461538464 0.042067307692307696
0 0.7127403846153846 0.5384615384615384 0.056490384615384616 0.04567307692307692
0 0.4387019230769231 0.5673076923076923 0.06009615384615385 0.04447115384615385
0 0.484375 0.59375 0.054086538461538464 0.040865384615384616
0 0.5288461538461539 0.6225961538461539 0.054086538461538464 0.042067307692307696
0 0.5733173076923077 0.6514423076923077 0.054086538461538464 0.040865384615384616
0 0.6225961538461539 0.6802884615384616 0.05889423076923077 0.04567307692307692
0 0.40024038461538464 0.5997596153846154 0.054086538461538464 0.040865384615384616
0 0.44591346153846156 0.6286057692307693 0.051682692307692304 0.040865384615384616
0 0.49278846153846156 0.65625 0.052884615384615384 0.042067307692307696
0 0.5384615384615384 0.6850961538461539 0.054086538461538464 0.042067307692307696
0 0.5877403846153846 0.7139423076923077 0.0625 0.04447115384615385
0 0.36538461538461536 0.6334134615384616 0.052884615384615384 0.04326923076923077
0 0.4110576923076923 0.6634615384615384 0.056490384615384616 0.040865384615384616
0 0.4567307692307692 0.6899038461538461 0.055288461538461536 0.042067307692307696
0 0.5012019230769231 0.71875 0.055288461538461536 0.038461538461538464
0 0.5480769230769231 0.7475961538461539 0.06129807692307692 0.042067307692307696
0 0.32572115384615385 0.6658653846153846 0.06129807692307692 0.039663461538461536
0 0.375 0.6947115384615384 0.051682692307692304 0.040865384615384616
0 0.4182692307692308 0.7235576923076923 0.051682692307692304 0.039663461538461536
0 0.4675480769230769 0.7524038461538461 0.057692307692307696 0.039663461538461536
0 0.5120192307692307 0.7788461538461539 0.056490384615384616 0.040865384615384616