0 0.08774038461538461 0.22355769230769232 0.09134615384615384 0.0673076923076923
0 0.1875 0.22115384615384615 0.0829326923076923 0.06490384615384616
0 0.2824519230769231 0.22115384615384615 0.09014423076923077 0.06850961538461539
0 0.38461538461538464 0.21754807692307693 0.08052884615384616 0.06610576923076923
0 0.10216346153846154 0.29927884615384615 0.08173076923076923 0.0625
0 0.18870192307692307 0.29927884615384615 0.08413461538461539 0.0673076923076923
0 0.28725961538461536 0.2980769230769231 0.08052884615384616 0.0625
0 0.3858173076923077 0.2932692307692308 0.08052884615384616 0.0673076923076923
0 0.10697115384615384 0.3737980769230769 0.08413461538461539 0.0625
0 0.19591346153846154 0.375 0.08413461538461539 0.0625
0 0.2932692307692308 0.37259615384615385 0.08052884615384616 0.0625
0 0.38461538461538464 0.36899038461538464 0.09615384615384616 0.06971153846153846
0 0.11899038461538461 0.4411057692307692 0.0733173076923077 0.05889423076923077
0 0.20432692307692307 0.44471153846153844 0.08653846153846154 0.06129807692307692
0 0.29927884615384615 0.44350961538461536 0.07451923076923077 0.0625
0 0.3954326923076923 0.44471153846153844 0.08173076923076923 0.0625
0 0.125 0.5096153846153846 0.07692307692307693 0.056490384615384616
0 0.21153846153846154 0.5144230769230769 0.07692307692307693 0.05889423076923077
0 0.30288461538461536 0.515625 0.07572115384615384 0.06490384615384616
0 0.3942307692307692 0.515625 0.07572115384615384 0.06009615384615385
0 0.6322115384615384 0.22596153846153846 0.09134615384615384 0.07932692307692307
0 0.7319711538461539 0.24639423076923078 0.09134615384615384 0.07211538461538461
0 0.8293269230769231 0.2692307692307692 0.08774038461538461 0.0733173076923077
0 0.9362980769230769 0.29086538461538464 0.10216346153846154 0.07211538461538461
0 0.6045673076923077 0.30649038461538464 0.09375 0.0673076923076923
0 0.7007211538461539 0.3293269230769231 0.09495192307692307 0.0673076923076923
0 0.7992788461538461 0.3485576923076923 0.09375 0.06850961538461539
0 0.9026442307692307 0.36658653846153844 0.10576923076923077 0.06850961538461539
0 0.5793269230769231 0.37740384615384615 0.09375 0.06370192307692307
0 0.671875 0.40024038461538464 0.08774038461538461 0.0625
0 0.7668269230769231 0.41947115384615385 0.09735576923076923 0.0625
0 0.8653846153846154 0.43990384615384615 0.09375 0.06850961538461539
0 0.5516826923076923 0.4495192307692308 0.09254807692307693 0.0625
0 0.6442307692307693 0.46875 0.09254807692307693 0.0625
0 0.7331730769230769 0.49038461538461536 0.09014423076923077 0.0625
0 0.8317307692307693 0.5096153846153846 0.09375 0.0625
0 0.5240384615384616 0.5180288461538461 0.08413461538461539 0.06610576923076923
0 0.6153846153846154 0.5384615384615384 0.0829326923076923 0.06490384615384616
0 0.7079326923076923 0.5564903846153846 0.08413461538461539 0.06850961538461539
0 0.8040865384615384 0.5769230769230769 0.09254807692307693 0.06850961538461539
0 0.3713942307692308 0.6129807692307693 0.08413461538461539 0.0625
0 0.4423076923076923 0.6550480769230769 0.0829326923076923 0.06129807692307692
0 0.5120192307692307 0.6959134615384616 0.08533653846153846 0.06009615384615385
0 0.5817307692307693 0.7367788461538461 0.0829326923076923 0.06009615384615385
0 0.6514423076923077 0.7776442307692307 0.08173076923076923 0.0625
0 0.31850961538461536 0.6586538461538461 0.08413461538461539 0.06370192307692307
0 0.3918269230769231 0.7007211538461539 0.08413461538461539 0.0625
0 0.45913461538461536 0.7403846153846154 0.078125 0.06370192307692307
0 0.5276442307692307 0.7800480769230769 0.07692307692307693 0.06129807692307692
0 0.5961538461538461 0.8197115384615384 0.08052884615384616 0.05889423076923077
0 0.2704326923076923 0.703125 0.08533653846153846 0.0625
0 0.33774038461538464 0.7463942307692307 0.07692307692307693 0.057692307692307696
0 0.40625 0.7848557692307693 0.07692307692307693 0.05889423076923077
0 0.47716346153846156 0.8245192307692307 0.08173076923076923 0.055288461538461536
0 0.5432692307692307 0.8629807692307693 0.09134615384615384 0.05048076923076923
0 0.21995192307692307 0.7487980769230769 0.07692307692307693 0.056490384615384616
0 0.28846153846153844 0.7896634615384616 0.07572115384615384 0.0625
0 0.3557692307692308 0.828125 0.07692307692307693 0.056490384615384616
0 0.42427884615384615 0.8653846153846154 0.08052884615384616 0.055288461538461536
0 0.49278846153846156 0.9050480769230769 0.08173076923076923 0.055288461538461536