0 0.12860576923076922 0.20192307692307693 0.06850961538461539 0.051682692307692304
0 0.1971153846153846 0.19831730769230768 0.05889423076923077 0.055288461538461536
0 0.2692307692307692 0.19110576923076922 0.0625 0.06129807692307692
0 0.3473557692307692 0.18629807692307693 0.06971153846153846 0.056490384615384616
0 0.125 0.26802884615384615 0.06370192307692307 0.055288461538461536
0 0.19951923076923078 0.265625 0.06009615384615385 0.051682692307692304
0 0.2704326923076923 0.26322115384615385 0.06610576923076923 0.05889423076923077
0 0.3473557692307692 0.25841346153846156 0.06971153846153846 0.056490384615384616
0 0.12740384615384615 0.3329326923076923 0.057692307692307696 0.04927884615384615
0 0.19591346153846154 0.3317307692307692 0.056490384615384616 0.057692307692307696
0 0.2644230769230769 0.3293269230769231 0.07211538461538461 0.056490384615384616
0 0.3389423076923077 0.3269230769230769 0.0673076923076923 0.055288461538461536
0 0.12620192307692307 0.39663461538461536 0.06129807692307692 0.054086538461538464
0 0.19110576923076922 0.39783653846153844 0.06370192307692307 0.051682692307692304
0 0.26322115384615385 0.39783653846153844 0.06129807692307692 0.055288461538461536
0 0.3425480769230769 0.39903846153846156 0.0733173076923077 0.056490384615384616
0 0.12139423076923077 0.46033653846153844 0.057692307692307696 0.055288461538461536
0 0.19230769230769232 0.4651442307692308 0.0673076923076923 0.0625
0 0.2620192307692308 0.4651442307692308 0.06610576923076923 0.054086538461538464
0 0.33774038461538464 0.46875 0.0673076923076923 0.05889423076923077
0 0.5649038461538461 0.17548076923076922 0.08774038461538461 0.06370192307692307
0 0.6598557692307693 0.19110576923076922 0.09134615384615384 0.06971153846153846
0 0.7620192307692307 0.20192307692307693 0.09134615384615384 0.07572115384615384
0 0.8737980769230769 0.21875 0.10216346153846154 0.07451923076923077
0 0.5360576923076923 0.25240384615384615 0.09254807692307693 0.06971153846153846
0 0.6286057692307693 0.26802884615384615 0.08653846153846154 0.06370192307692307
0 0.7271634615384616 0.2824519230769231 0.09495192307692307 0.07572115384615384
0 0.8365384615384616 0.30288461538461536 0.09615384615384616 0.078125
0 0.5072115384615384 0.3293269230769231 0.08173076923076923 0.06850961538461539
0 0.5985576923076923 0.34615384615384615 0.08173076923076923 0.06850961538461539
0 0.6935096153846154 0.36778846153846156 0.08774038461538461 0.07692307692307693
0 0.7992788461538461 0.3858173076923077 0.09615384615384616 0.078125
0 0.4807692307692308 0.40024038461538464 0.07692307692307693 0.0625
0 0.5673076923076923 0.4206730769230769 0.08173076923076923 0.06971153846153846
0 0.6610576923076923 0.44350961538461536 0.09495192307692307 0.07091346153846154
0 0.7620192307692307 0.4675480769230769 0.09495192307692307 0.078125
0 0.45072115384615385 0.47115384615384615 0.08052884615384616 0.0673076923076923
0 0.5360576923076923 0.4963942307692308 0.08052884615384616 0.07451923076923077
0 0.6298076923076923 0.5216346153846154 0.09254807692307693 0.07932692307692307
0 0.7355769230769231 0.5492788461538461 0.10576923076923077 0.08052884615384616
0 0.3088942307692308 0.5685096153846154 0.07572115384615384 0.06490384615384616
0 0.3713942307692308 0.6177884615384616 0.078125 0.06490384615384616
0 0.43028846153846156 0.6694711538461539 0.07932692307692307 0.0673076923076923
0 0.49759615384615385 0.7223557692307693 0.0829326923076923 0.0733173076923077
0 0.5637019230769231 0.7800480769230769 0.09254807692307693 0.0733173076923077
0 0.265625 0.6165865384615384 0.078125 0.0673076923076923
0 0.31850961538461536 0.6658653846153846 0.06850961538461539 0.06971153846153846
0 0.38100961538461536 0.7139423076923077 0.08653846153846154 0.06850961538461539
0 0.4387019230769231 0.7692307692307693 0.078125 0.06971153846153846
0 0.515625 0.8257211538461539 0.1045673076923077 0.06850961538461539
0 0.21394230769230768 0.6622596153846154 0.0733173076923077 0.06490384615384616
0 0.2704326923076923 0.7127403846153846 0.078125 0.05889423076923077
0 0.3245192307692308 0.7620192307692307 0.07451923076923077 0.06490384615384616
0 0.3870192307692308 0.8161057692307693 0.07692307692307693 0.0673076923076923
0 0.4483173076923077 0.8701923076923077 0.08653846153846154 0.0673076923076923
0 0.16826923076923078 0.7019230769230769 0.06971153846153846 0.06490384615384616
0 0.22235576923076922 0.7548076923076923 0.0673076923076923 0.0625
0 0.2764423076923077 0.8064903846153846 0.07091346153846154 0.06129807692307692
0 0.33052884615384615 0.859375 0.06971153846153846 0.06850961538461539
0 0.3942307692307692 0.9134615384615384 0.08653846153846154 0.06610576923076923